- [111] .-

11
16
13
11
1111.
13
16
81
11
81
81

11

11

81

81

81

13

11

13

81

13
111.

11,81
81

11

11.13

13

81
108

11

11.81

11
111

13

11

81

11
101

11

13

81

11

13

11

81

111.

81

11

81

11

11

16

81

11
108

18111

1831, 1, 1, 1

13
1818
1851

11
1881
11
1811

11
11
11 .
11
11
11
11
11
11

epistula 111 8111111111 ΙΙ.

191111,111
19311
19811
8011
80311
80111
8081
1
8011
11
80811

111
115
131
108
151
111
111
158
163
155
118

111 Thuoydido 1111111111. ·

81111
8111111
81311
111
8111
8151
11, 1111
1816111
1811111
11
81811
1

8
819111
8
11
18
81011
8
11011
11
8111
111, 1
11
8111
1811
1
10
8131
11111
18

61
30
106
90
81
61
90
118
111
61
90
61
91
11
61
181
63
91
83
113
91
63
91
81
88
113
11
63
63
113
58.133

 

