151

9911
1
11
11
9991
1
11
9161
11
911111, 1
1
9111
11
1
11
11
91311
11
11
11 ·
9111
1, 1
11,1111
11
11
9151
1
1
1
1111 Ι
111
9161
1
11
11
11 (1131)
1918111
1,1,11,11,11
9101, 111
11
9111
11
11, 11
9111
9111
1
11
119151 (19111)
11
91711, 11
11
11
111
111 (131111)
9111

- [111] -

81

61 .
131. 157
61

1611

157

153

61

93

93

61

17 11.
93

61

130

157

138
116. 161

9161 11

1 161
11 111
9191 11

⁵ 91

1911 218
9361 11

11 11

17 156
9311 151. 161
9311 111

1 11

11 111
9331, 1 111
93111 111
9351 111

¹¹ 161

1111 11

155. 157160 9361 1³2. 131

111. 111 ⁸

61
61
93
51
163
151
155
61
56
117
91
153. 157
151
156
166
61
116
61
91
161
61. 61
61
91
61
’61
61
61
166
61
91
61
61
91
173
17 n.

9 151
9371 11
1,111, 1111 91
¹¹¹ 61
9386, 16 111
1611 116
93911 11
9191 11
111, 11 111
16 61
91111 11
¹¹. ¹¹ 61
¹⁴ 61
191111 111
9131 95
1, 1, 1 11
9111 81 bis
11 (61611 11
9151 1711.
1 (771111 11
7, ¹² 61
¹³ 61
¹¹ 61
1611 95
91611 11
11 51. 61
91711 1711.
19161111 111
91911 95
9511 11
1,11 111
9511, 1, 1 11

do Demosthenis 1111111111111111.

9531 11, 111
9511 111

 

