10511, 1111
10581, 1, 11
10591

11061611
0
111
11111, 1
11 (1801)
10
10601
10
111111
11
10011, 1
11
10681
11
10
11
101
10601
’111
1
1, 10
11
10105, 1
111
1111

- [1111 -

10111
1111

11 (8818111

16
188
1011811
11
18

10111,1 101, 1
11 (888111

1111
11
10151
18
13
11
10161
111
1111
101111
1111
11
10180
1111
15
101051
10811, 11

10835 183601

6

0,1111

11
11
11
108111
11011
11
15
11088111
1
81
5
1
111
10001, 11
11
1111
10011, 0
11
1811
0
81
100111, 1
11003111
81
18

83
60
81
66
101
101
83
83. 101
66
81
101
83
135
108
83
06
101

 

