148 .. {33⁰} ..

4887 81 1151855 188

s 58 5191 58
sss 86 2 58
1, 11 68 vs 88
111 Δ83 s 75
1388 87 526188 77
4891 ⁵ 58 1 75
13 3411. 58
11 58 de Isocrate iudicium
496111,1,8,1,111 75 5348 58 .
*m 186 11 82
1, 81 87 5351 81
1,11 75 78
5111 186 88
75 58
87 87
77 88
3411. 78
87 88
87 68
77 58
75 15
87 es
58 88 ,
71 88
56 71 ’
58 81
88 71
58 81
4711. 88
168 53
58 . 58
186 -‚ 52 ᾖ
58 58 1
3⁰ 1711. 7
88 87
68 3887

88 115
164 78

198 87
58 188
86 88 z
34. 68 87
186 77
fis 24. 56 ¹
75 77 ¹
58 82 1
1711. 68 71. 81
58 ¹ ¹ 87
75 88

188

56

68
69

 

