- [333] 3-

59.· 69
76
60
62
6241133 201
625333 76
6 51
63,1333 76
17 ' 70
626233 79
633 69
12 24
13 72. 76
176
46
76
66
79
62
76
79
69
79
76

316 0131333113 iudicium

63013 69
3 - 61
63213 34. 60
6331 106
13 60
11 69
13 60
6341, 3, 13, 13 66
63533 90
3 60
6 ’62
16 60
36363 (490111) 166
1,3 60
6363 60
nm 201
11 60
6391, 1, 3 60
363 203
31033 202
6101, 16, 11, 13 60

6411 60
36 203
1,13,11 60
31633 209
6423,1,1,3,13,13 60
311 200131
6133 90
3, 6,11,11 60
316 204
6141,3,1 60
513) 341196
13 60
6451,3 60
3333 149413) 166
11 4111.
6163 60
1, 3, 16,11 61
6473 61
3 34
13 61
6191 61
6603 61
6516, 3, 13, 13 61
6521 90
1,3,1,6,3,6 61.
13 33
6531 61
3 105
6,13 61
651111,3,1,6),3,3 61
65533 61
6561,3 61
3 90
1,1 61
163 96
6571 61
3533 294
6 61
9 69137
13 61
6566,3,13,13,13 61
6591 61
6, 3,3 61
113113 62
6601 62
3236 204
3 62
36 203
13 62
6611 62
3133 205
3,6 62
,3 61
11 62

66212 62

 

