111 - (110] -

1100911 109 102111, 101
11011 226 121 (a)
100910 65 11
11(99119 96 111
1111 229 10301
1010111) 95 (199) 1
11 93 1
191 97 1991
10111 97 ιι, 11
1911 229 111
1101211 229 10311
1 93 - 2
10 65 1211
12,10(99212) 93 9
101311 97 111
10111 65 10321
211 97 11
1111 229 11033111,1111
10 99 1
10152 95.97 11(5119
102010 65 11
111 97 1111
10211 57 11
111,111 97 110351159310
102211 97 1011
5 93 10399 57
1111 230, 1037111,111 99
1, 1 93 11111 231
10 (5502) 92 111, 11 99
11 95 11039111· 291
102911 99 , 11 99
1 95. 99 11 . 57
111 99 1111 99
1 95. 93 10391 111.
1919231219 213 1011 235
11 51 111, 11 91
102410 65 101011,11 66
11 65.99 101111 99
10252,0 93 1111 235
1,11 95 1101211 235
19271 93 111 99
21 99 1111 239
1111 230 111 99
011 217 1111 110
1 (71911) 10191 17
1 ” 111 99 .
10292 (7131) 101111 11
11 110509 (1029121) 23ἑ
9 11 9
1, 11 1 11, 11 100
11 1059111 100.110

11111 1 96
11 111 100

11 83
10572,3,9,7 69

 

