95511 ·
9551
95111
11
11
1111
9581
1, 11
12
9591
1111
11 (5991,1
11
9511
9511
1111
7 (u)
1
19551111
11
954511, 11
1111
11111
9551 (519111
1
1
11 (55111)
1111
11
955111
1, 11
11 153911
11, 11
1151

9581 (75111)
111
7
911
9591
11 (8991)
9191
1111
911111
1111 (imm)
1914911
1 111111)
12
151
9751
12

- [111] -ss-

65. 89 19751511
81 1915111, 1111
55. 83 19ῑῑ111
83 1, 1, 1111
95 1111
198 11
51 111. 85 91811, 1, 111
55 11
83 11
83 9ῖ91
119 11
82 1980111
55 9811
51 11. 1 51
57 1 11151111·
119 1
81 11911 1
55 981111, 11
119 1, 11
55 11
95 11
219 9851
199 11, 11
81 1
55 11
11 985111
’11 9921 .
95 1
51 1
195 11
55 11
15 (81) 11
1993111
111
9911, 111
9951
12
11911
9971
19981111
11
9991, 11
19991, 11
119111
19951
8
19911
1
1 (9111)
11, 11199111) 81
111 2Ιῖ
19981, 1 55
1111
11
1111

 

