250

6633, 3, 13, 11
66116
6653

3

33

13
6661

13766

13

133
66713,,11,11

epistula 311 Ammaeum 1.

7193
7211
11
7271
1

3, 11
7231

· 7213

3
77511-13
7767 ,
3, 13
7773
1086
7763
3
11
77313
11
7363
3, 13
7317, 3
7373
11661
7337
7311, 13, 13
7351, 13
7366
1
1
11, 13
7373
1
3
11, 13
13
7363, 3, 13, 13 bi·
7331, 3
11
11
13

... [331] ....

67 7161
67 3
67 11
31 n. 671 7113
36 7173, 13
67 11
67 7131

235 7·6

67 7111 ·
31) 7151

67 13, 11-13
7161, 11
7173, 13-11
16 13

17 7133

16. 67 3

67

17
11
87’
11
82
11
87
11
12
11
17
11
12
11.12,
11
11

10 epistula 311 On. Pompeium

67 7563
17. 87 7516, 3
16 16
82 15
16 75233
11 1633
67, 11
11 7537
11 3311

266 1613

173, 7513

17 1

67 11, 11
67 7551

11 3

67 1-3
11 3

11 13

67 75611

737 75713

67 13

11 7563

11 1 (51611)
11. 56 3

11 11

11, 17

11 7531

67 1

11 3

67 11

11 11

17 n. 7661-3, 11Ι
11 7611, 1

11 x 13

67 11

11 11

67 13

53
17

11

87

11
767

87

11
768
716

11

87

11

15

87

15

87
1711.
87
216
11. 763
15

87

11

17
11. 17
11

13

51
11. 15
165

13

13
11. 13
11

15
87. 168

 

