256

11191111
1
1116961111
111961 ·
11
11
11
1111
11
111911
1119111
11
111991
11 (1 [1911111
*noviss
7
11
11
11
11911
619
11
11, 11
11
1111221
1
11111
11
111131, 1
s
111111
11
11
11
111111
1
11
1
111
11
11, 11
1111111, 11
11011
1
11
11981 (5151)
1, 1
11
11 .
1111191 (161111)
1
11
11
11191
11

- [111] -

111111
11, 11
11111
11111
1
111
11111, 11
11111
11
91689
11, 11
111111
11, 11, 11
11 (111111)
113111
11111 11119911·
11119111)
11211, 111111
11
111111

11
11
111

11
67. 11
111

67

67
111
111 .
13
111

11

11
111

11 1111
11
111

11
11
111
11
111
111
67
11
11
11. 11
11
11
11
111
111
11
111
111

’67

11111 (598111)
11231
7
11
11241

11111,1,1,11,11

112611
12 (158211)
112711
1, 11
166
11128111

67
203
67
48
83
197
83
67
57. 67
56
67
63
179
1111
67
1111
213
83

 

