111 - 11111 -

L. 11 o. 211 p. 11811 153. 159 1111111111 p. 211111 118
1111826 112 1121111 129
1111811 121159 1111119 165

3511112111 136131 1121111 159
11111211 131 11121111 165
p. 1231 116 1111111 159

391111151 131 11111111 121
p. 1251 131 112181 118
111151 128 1111811 156

421111211 119 8311121811 161
111211 163 31121819 156

5911113611 153

’ p. 13611 111159 111111911121111 126

6611113611 131 1121211· 126
1111311 131 1121231 129

6111113111 156 111112111 119118
11113111 151181 31 1115111 18
11113111 162 11125114 161111
1113111 161 3811116911 112

6211) 13811 162 5111126111 156
11113811 1511 1811128211 159
1111391 132

631111391 125 L.V e. 11113181 112
11113911 156 261-11133211 166

1111111511 131 1113331 ’156
11111511 162 113331 129
p. 11511 131 113331 132
1111161 162 3211133612 151161
11111611 136 1133611 151
1111611 159 1133611 153

1211111611 113 1133611 111
p. 11611 136 85113691 118
11111611 112 113691 155
1111611 121136 113691 1511119
1111111 112153 113691 125
111111 156 811136911 131151 ¹
p. 11111 111159 881136911 169 ’

1311111111 111 . 1136911 151
1111111 111 891136911 153
11111111 131153 911113191 128

1111111111 159 91 p. 31911 131
1111111 112 9511311111 151
11111111 136 1931113121 126161
111181 156 113121 155
111181 155 1113121 151. 169

113121 151151

11111118111121511 161 113121 129
1121511 163 16511131211 163
1111511 125 11131211 151
11111511 121 1131211 155
112161 151 1111113111 169
1112161 136 1131111153.155.151
112161 156 11131111 151

8211111611 153 131111 156
11121611 151161 1131111 169

 

